,year,land_area_percentage
0,1987,23.83990944791743
1,1988,33.64035762469258
2,1989,31.624320030399684
3,1990,31.640952794426763
4,1991,34.23211377762149
5,1992,34.27096411944069
6,1993,33.79887575050991
7,1994,33.242280798643925
8,1995,32.34560356629123
9,1996,34.38737335532962
10,1997,32.81641582910387
11,1998,32.40189402505847
12,1999,33.05455140970734
13,2000,33.44305482789937
14,2001,32.91949684553657
15,2002,33.89430013023372
16,2003,32.78500943964053
17,2004,32.79812497474373
18,2005,33.44050261566307
19,2006,34.09365626380233
20,2007,33.7474061370779
21,2008,33.67580240489288
22,2009,32.89050087874085
23,2010,34.06636177183081
24,2011,33.755611184784385
25,2012,32.78615152571246
26,2013,33.568609490968356
27,2014,33.47183811034206
28,2015,33.44837193672498
29,2016,33.97923208187497
30,2017,33.282619930934295
31,2018,33.029171076913045
32,2019,32.91914237161486
33,2020,34.18879706438877
34,2021,34.02690755960448
