,year,land_area_percentage
0,1987,28.99470247628434
1,1988,37.40397027256065
2,1989,37.382111564720816
3,1990,37.60275124179534
4,1991,35.30690485284076
5,1992,36.80636255249807
6,1993,37.3833774990239
7,1994,37.56502811918223
8,1995,37.711844317802175
9,1996,37.781616202856455
10,1997,37.665038490050875
11,1998,37.760150776235015
12,1999,37.34995356340292
13,2000,37.16730941121497
14,2001,37.188609586075835
15,2002,37.31230339134267
16,2003,37.138066144702805
17,2004,37.40055768852041
18,2005,37.80613327409498
19,2006,37.21758225565251
20,2007,37.286101392766305
21,2008,37.166893933161774
22,2009,37.379419506049295
23,2010,36.96619818295703
24,2011,37.04377548978358
25,2012,36.56868348333685
26,2013,36.944228239041614
27,2014,37.48295235913309
28,2015,37.31057657844311
29,2016,37.65441588078993
30,2017,37.20525640674083
31,2018,37.28720839181216
32,2019,37.596609034320984
33,2020,37.70150702324685
34,2021,37.416713583696506
