,year,land_area_percentage
0,1987,32.8853795085556
1,1988,33.69908257787274
2,1989,32.188016242704286
3,1990,33.966627664794345
4,1991,33.847410963241266
5,1992,35.49347651790736
6,1993,35.086148823925676
7,1994,33.64482928702414
8,1995,33.33481301399889
9,1996,35.710787845848316
10,1997,33.684973981228104
11,1998,34.466992547162775
12,1999,33.70833210916321
13,2000,33.98993049942099
14,2001,34.986669975041714
15,2002,33.743733992741134
16,2003,33.19143650977182
17,2004,33.81621336164483
18,2005,33.018914020839404
19,2006,32.969887840047384
20,2007,33.99775141991025
21,2008,34.698222207949165
22,2009,34.08546505101053
23,2010,34.03277739043551
24,2011,33.99833801473374
25,2012,31.51363505186679
26,2013,35.0545958013956
27,2014,34.50945731923222
28,2015,36.01853853285107
29,2016,35.88703485008911
30,2017,35.703688799039995
31,2018,36.315733711307864
32,2019,35.9316958358065
33,2020,36.42845183231272
34,2021,34.514925125278324
