,year,land_area_percentage
0,1987,49.19982196764455
1,1988,36.85766605190242
2,1989,37.09939052749108
3,1990,37.626271219857905
4,1991,35.903997356209466
5,1992,37.43849339607594
6,1993,36.74999687993276
7,1994,37.20315696280343
8,1995,37.92715997363844
9,1996,37.56723076499252
10,1997,37.42397798703919
11,1998,37.705081854486075
12,1999,37.411500086697096
13,2000,36.94830530127107
14,2001,37.52995911462005
15,2002,37.02608549073593
16,2003,37.28001901895682
17,2004,37.51942582212348
18,2005,38.05702241485854
19,2006,37.53125565491705
20,2007,37.8361808334049
21,2008,37.561288907686766
22,2009,37.492275447807955
23,2010,37.743595893204294
24,2011,37.38893901167471
25,2012,36.76684929416088
26,2013,36.998270919524025
27,2014,37.993856119545846
28,2015,37.67299582503499
29,2016,37.962202225171545
30,2017,37.58019481729599
31,2018,37.38649026912832
32,2019,38.08249782717082
33,2020,38.23050409096875
34,2021,37.93336435984045
