,year,land_area_percentage
0,1987,24.711813565816705
1,1988,26.072617439560393
2,1989,25.779238429154777
3,1990,26.090442993773078
4,1991,23.952606103841887
5,1992,26.745207220977512
6,1993,24.821849006578205
7,1994,25.101882713080713
8,1995,22.246304571825995
9,1996,27.529090480424863
10,1997,27.013698716111474
11,1998,26.37826992274882
12,1999,25.071855079100708
13,2000,26.09859779276774
14,2001,25.96514137075898
15,2002,24.04212476424267
16,2003,25.224413795410733
17,2004,25.064767922784508
18,2005,25.215971713272783
19,2006,25.232411771347802
20,2007,24.805225762473707
21,2008,26.336864291598882
22,2009,26.757881926874454
23,2010,26.219456095816795
24,2011,27.59078184911904
25,2012,25.16366664710436
26,2013,28.550108103361033
27,2014,27.555849918242913
28,2015,29.899675062624674
29,2016,30.01462636383786
30,2017,29.813124319452918
31,2018,31.15117533654228
32,2019,31.431104494339735
33,2020,31.294668434236772
34,2021,25.80313646536898
