,year,land_area_percentage
0,1987,15.871286682393954
1,1988,35.701910580070525
2,1989,35.92332235609273
3,1990,35.74678204032444
4,1991,34.522140343219334
5,1992,35.044978101608166
6,1993,35.645759939964236
7,1994,34.305819831891135
8,1995,35.634621706067534
9,1996,34.485539429422815
10,1997,35.8283357274798
11,1998,35.82830563842299
12,1999,33.6761215290058
13,2000,32.43039251428152
14,2001,34.869175653259674
15,2002,33.0083464266577
16,2003,33.25961017547458
17,2004,33.464439019520654
18,2005,32.72576555468416
19,2006,32.165550115277284
20,2007,32.8630603354305
21,2008,31.63470403333527
22,2009,31.607051344727743
23,2010,33.03758114272837
24,2011,30.771329439573453
25,2012,31.05242029986506
26,2013,31.46499361284663
27,2014,31.962445216917075
28,2015,31.938330338445397
29,2016,31.90275919127363
30,2017,32.662185541975155
31,2018,33.19364247412755
32,2019,32.8107762427386
33,2020,32.343292422733136
34,2021,31.979254780120304
