,year,land_area_percentage
0,1987,
1,1988,36.81762365480194
2,1989,37.07950116079612
3,1990,37.48090764310061
4,1991,34.79357086562225
5,1992,36.58593992389742
6,1993,36.80067797175038
7,1994,37.515527802642076
8,1995,37.028980080429555
9,1996,37.43540731283723
10,1997,37.56593000987836
11,1998,37.09907909159864
12,1999,36.67913645803244
13,2000,36.37339476696706
14,2001,35.48624459573031
15,2002,34.12490950782958
16,2003,33.67193570997611
17,2004,33.254877067352325
18,2005,32.63043651402168
19,2006,32.329330875037
20,2007,33.16001630939348
21,2008,33.36328936216245
22,2009,33.42367691234177
23,2010,33.48608530573575
24,2011,32.22804702637804
25,2012,32.74454157411483
26,2013,33.604149502889456
27,2014,34.45478244434062
28,2015,34.561173895936086
29,2016,33.30397167015559
30,2017,33.97774457255006
31,2018,33.59532971245778
32,2019,35.198096127945526
33,2020,35.51634550118695
34,2021,35.42058219003023
