,Pair,HT_date,LT_date,Timedelta,Median_tidal_range,All_tidal_ranges
0,0,1994-03-05,1994-05-24,80,0.06,"0      -1.500311
1       2.059052
2      22.628028
3      12.898938
4      -2.919462
         ...    
451    -9.766175
452     9.228078
453    -7.726286
454    -3.624234
455    -6.588041
Name: shoreline_change_from_h-l_tide, Length: 451, dtype: float64"
1,1,1994-08-12,1994-05-24,-80,8.49,"0      50.485108
1      23.014839
2       3.757529
3      12.159582
4       5.307252
         ...    
536    10.357601
537    -0.171432
538     9.952726
539    12.906606
540     7.406831
Name: shoreline_change_from_h-l_tide, Length: 536, dtype: float64"
2,2,1996-04-11,1996-06-14,64,2.91,"0       7.789167
1      -0.227469
2      13.631591
3      -2.399012
4      -6.560516
         ...    
492     0.399571
493    -0.563062
494     0.235834
495    13.029980
496    -1.247950
Name: shoreline_change_from_h-l_tide, Length: 486, dtype: float64"
3,3,2000-06-09,2000-04-06,-64,-0.41,"1      -0.137809
3      18.951338
4      -1.849565
5       0.028328
6       0.026868
         ...    
454    -0.151251
455    -6.247444
456   -21.056250
457    -0.075835
458    -0.698047
Name: shoreline_change_from_h-l_tide, Length: 452, dtype: float64"
4,4,2000-06-25,2000-04-06,-80,0.0,"0       0.181314
1      20.877284
2      35.807344
3      35.149915
5      -0.120488
         ...    
457     1.440613
458    -0.303691
459     0.309714
460     2.821175
461     8.633368
Name: shoreline_change_from_h-l_tide, Length: 455, dtype: float64"
5,5,2004-03-16,2005-01-30,320,-6.96,"0     -15.171489
1      -0.588728
2      -3.472159
3     -14.887020
5      20.056020
         ...    
430     0.236800
431    -0.258025
432   -15.104093
433   -11.693539
434    -2.424411
Name: shoreline_change_from_h-l_tide, Length: 427, dtype: float64"
6,6,2011-06-08,2014-05-15,1072,4.21,"0       0.120011
1      20.804861
2      30.800337
3       5.645167
5     -11.776798
         ...    
356     6.139064
357    19.844231
358     8.131431
359   -12.124482
360     9.333902
Name: shoreline_change_from_h-l_tide, Length: 348, dtype: float64"
7,7,2015-03-15,2015-05-18,64,-0.44,"0    -4.751959e+00
1    -1.041021e+01
2    -1.018772e+01
3     1.266448e-01
4    -1.163846e+01
          ...     
65   -1.537643e-02
66   -2.226197e-06
67    0.000000e+00
68    0.000000e+00
69   -1.266782e-10
Name: shoreline_change_from_h-l_tide, Length: 70, dtype: float64"
8,8,2015-08-06,2015-06-03,-64,2.3,"0      -3.944681
1      -0.008016
2      -0.061022
3       0.005540
5      20.121817
         ...    
237     1.566323
238     0.000175
239     0.000000
240     0.000000
241     0.336159
Name: shoreline_change_from_h-l_tide, Length: 235, dtype: float64"
9,9,2015-08-22,2015-06-03,-80,0.0,"0     -1.278057e+01
1     -1.239506e+00
2     -8.527195e+00
3     -6.284865e+00
4     -6.356930e+00
           ...     
269    0.000000e+00
270    0.000000e+00
271    0.000000e+00
272    0.000000e+00
273    4.193648e-07
Name: shoreline_change_from_h-l_tide, Length: 270, dtype: float64"
10,10,2016-03-17,2016-06-05,80,-1.29,"0     4.460390e+00
1     3.042544e-01
2    -1.423731e-02
3     6.531865e-02
4     9.254500e+00
          ...     
68   -1.508771e+00
69   -1.433652e+01
70   -1.468873e-02
71    0.000000e+00
72    1.238376e-10
Name: shoreline_change_from_h-l_tide, Length: 70, dtype: float64"
11,11,2016-04-02,2016-06-05,64,1.5,"0      -9.622679
1      11.386687
2       9.283550
3       2.860564
4       0.014009
         ...    
178     1.504446
179     3.462669
180    -0.026276
181   -11.250114
182   -10.908169
Name: shoreline_change_from_h-l_tide, Length: 180, dtype: float64"
12,12,2017-04-21,2017-06-24,64,-0.11,"0       0.212037
1       0.198807
2     -28.314219
3      -0.075652
5       0.540513
         ...    
319    -0.079909
320     0.020204
321    -0.100227
322    -0.039492
323    -0.351378
Name: shoreline_change_from_h-l_tide, Length: 318, dtype: float64"
13,13,2017-09-12,2017-06-24,-80,0.23,"0      12.067688
1      18.744683
2     -28.160798
3       0.029490
5       0.496594
         ...    
319    -0.142144
320    10.378205
321    -0.087338
322    -0.196222
323    -8.232195
Name: shoreline_change_from_h-l_tide, Length: 317, dtype: float64"
14,14,2018-04-24,2018-06-27,64,-0.04,"0     -3.080035
1      0.265037
2      7.461636
3     -2.187357
4      0.099320
         ...   
429   -0.086372
430   -0.079777
431    1.980580
432    6.725544
433    0.012591
Name: shoreline_change_from_h-l_tide, Length: 431, dtype: float64"
